14 226 189 346 258
14 104 124 179 181
14 24 392 78 426
56 214 237 621 419
56 311 104 365 175
1 22 80 52 114
0 189 58 266 167
0 277 60 344 173
0 394 81 422 122
0 196 69 222 122
0 340 67 376 135
0 419 67 435 97
0 331 38 368 96
56 207 100 267 172
58 43 91 195 181
58 557 69 606 113
0 166 72 198 115
1 149 73 162 93
1 18 85 30 112
1 13 94 21 114
24 204 61 212 66
0 287 74 314 117
0 255 70 297 171
0 430 68 456 121
0 68 53 92 103
24 511 139 637 216
56 386 93 433 128
56 410 139 446 170
58 0 153 47 243
0 610 65 632 97
56 167 101 179 114
56 166 176 205 228
56 181 101 197 122
56 468 114 639 219
56 457 91 515 120
56 195 98 211 129
56 209 97 226 122
0 99 37 612 178
56 122 78 634 425
