25 1 117 211 187
2 575 214 639 275
2 551 217 581 258
52 226 258 246 273
2 0 217 61 239
39 214 181 221 199
39 231 177 238 200
39 227 185 230 200
39 257 182 263 199
39 288 181 296 203
39 251 216 257 234
39 204 181 209 191
39 226 214 232 234
39 239 182 243 200
52 224 275 256 294
52 221 312 251 329
0 375 218 385 241
0 361 216 366 241
0 93 216 98 230
0 84 214 92 229
0 328 218 336 247
39 270 181 276 199
39 277 180 283 200
39 186 184 192 201
39 191 184 198 201
26 335 228 338 236
52 154 294 179 314
39 117 176 331 238
