1 423 198 451 218
2 437 120 458 138
0 79 252 102 323
0 126 221 140 279
0 604 269 625 355
0 429 186 445 216
0 526 127 538 148
9 95 0 130 49
9 247 59 268 99
9 299 67 307 90
9 362 81 369 86
9 598 187 607 219
9 625 211 636 254
9 301 83 316 110
9 551 118 556 132
9 114 156 125 198
0 19 239 42 290
1 134 252 149 288
2 264 207 290 233
5 485 224 600 345
9 475 11 490 42
0 203 222 217 267
0 378 119 389 148
0 32 257 41 300
0 18 263 32 320
2 257 236 324 287
2 331 212 373 243
2 384 146 411 171
2 311 189 363 212
2 261 229 315 242
2 450 125 474 144
0 368 127 374 145
0 545 210 551 224
0 344 215 347 218
9 450 50 454 54
0 163 218 171 260
9 5 109 581 192
