0 76 134 86 162
0 93 130 99 156
0 480 145 488 167
0 598 129 605 139
1 272 175 298 195
1 304 174 314 194
1 314 179 321 192
1 330 178 352 191
2 413 115 429 123
2 523 110 545 127
2 94 119 102 131
7 11 109 70 133
8 99 280 183 319
8 49 281 119 322
8 0 286 66 327
8 375 237 444 265
8 417 231 487 260
8 533 225 566 242
8 562 218 631 237
8 596 214 639 233
13 530 153 553 167
1 312 177 326 192
8 455 231 508 254
8 486 224 527 251
8 513 225 551 250
8 1 304 13 326
0 582 138 590 161
0 568 137 574 159
2 445 117 453 121
8 541 222 593 242
1 564 144 579 158
8 554 207 638 395
