1 69 269 118 295
1 496 129 528 154
1 265 231 283 249
2 9 163 90 219
7 0 51 79 129
9 418 99 431 127
9 212 200 225 235
9 217 262 226 279
0 169 277 198 321
0 552 284 572 336
0 540 314 561 348
0 468 280 483 314
0 280 216 301 237
0 487 178 506 214
0 60 200 79 228
0 109 116 126 144
0 451 290 466 309
0 504 302 518 326
1 560 313 573 344
1 328 221 342 250
1 225 234 269 265
1 188 203 202 219
3 284 233 299 266
3 92 250 139 278
3 146 260 180 284
3 578 201 618 236
3 476 188 516 221
3 228 189 260 214
3 125 234 152 263
0 488 78 499 101
0 587 190 610 227
1 588 179 623 204
3 348 178 384 206
3 44 215 94 245
3 393 182 440 211
3 545 345 563 369
0 520 289 540 330
2 379 307 542 425
3 235 250 261 281
5 302 275 431 366
7 150 44 260 97
0 25 23 624 367
3 510 141 605 178
