2 206 88 247 120
24 440 97 467 149
26 294 102 310 139
26 9 162 45 221
26 191 152 206 164
2 339 90 346 95
2 346 92 363 109
2 425 84 443 112
2 333 83 342 86
2 299 89 323 104
0 0 102 49 310
0 19 26 144 243
2 210 86 248 106
47 317 337 410 396
47 291 354 437 425
47 433 379 460 408
47 411 325 591 425
47 566 324 585 343
47 343 313 362 331
47 388 276 487 332
47 503 308 639 373
47 326 304 343 326
47 566 380 639 419
47 0 344 70 418
47 40 339 194 421
49 191 199 251 208
49 281 174 290 181
49 162 220 221 241
49 212 215 223 221
49 212 206 241 222
0 122 54 162 204
0 167 86 199 171
0 197 98 250 164
0 257 80 301 163
0 304 95 338 165
0 426 74 479 192
0 469 71 513 209
0 522 77 572 260
0 562 109 637 274
0 573 78 605 140
2 342 86 383 105
26 179 110 194 149
49 280 181 285 182
49 266 173 273 181
49 272 173 275 177
49 278 171 284 179
49 260 160 305 183
49 298 172 302 176
49 200 212 210 220
0 540 57 591 108
26 0 200 43 235
47 18 288 134 340
49 290 163 339 186
49 160 161 320 242
0 94 56 582 244
47 7 275 637 424
