1 460 338 547 392
1 455 303 532 357
2 276 237 343 269
2 243 234 270 249
1 458 271 480 311
7 118 206 156 257
26 104 261 119 300
26 414 264 429 284
26 546 347 590 409
0 438 248 454 304
0 413 251 439 310
0 364 242 389 302
0 351 233 368 286
0 336 232 348 256
0 326 232 337 250
5 117 208 155 258
24 415 262 429 286
0 9 319 103 424
0 565 251 591 319
0 31 218 82 381
0 80 240 134 386
0 33 227 46 249
0 2 221 32 331
2 454 242 474 257
2 426 242 460 262
2 280 233 294 242
25 583 290 590 308
0 235 225 246 257
2 104 224 119 238
26 69 306 79 329
11 307 218 316 228
0 3 199 596 423
